100_3101.jpg 1 12 -28 699 699
._100_3101.jpg 1 -1 -1 1 1
100_3102.jpg 1 0 -87 699 699
._100_3102.jpg 1 -1 -1 1 1
100_3103.jpg 1 0 -87 699 699
._100_3103.jpg 1 -1 -1 1 1
100_3104.jpg 1 0 -87 699 699
._100_3104.jpg 1 -1 -1 1 1
100_3105.jpg 1 0 -87 699 699
._100_3105.jpg 1 -1 -1 1 1
100_3106.jpg 1 0 -87 699 699
._100_3106.jpg 1 -1 -1 1 1
100_3107.jpg 1 42 -156 699 699
._100_3107.jpg 1 -1 -1 1 1
100_3108.jpg 1 95 40 536 495
._100_3108.jpg 1 -1 -1 1 1
100_3109.jpg 1 145 50 399 499
._100_3109.jpg 1 -1 -1 1 1
100_3110.jpg 1 157 26 511 494
._100_3110.jpg 1 -1 -1 1 1
100_3111.jpg 1 124 51 492 497
._100_3111.jpg 1 -1 -1 1 1
100_3113.jpg 1 87 15 544 516
._100_3113.jpg 1 -1 -1 1 1
100_3115.jpg 1 54 1 555 529
._100_3115.jpg 1 -1 -1 1 1
100_3117.jpg 1 178 -4 486 533
._100_3117.jpg 1 -1 -1 1 1
100_3126 copy.jpg 1 55 -13 653 546
._100_3126 copy.jpg 1 -1 -1 1 1
