0001_0053_0096_0274_0274.jpg 1 53 96 274 274
0002_0095_0180_0148_0148.jpg 1 95 180 148 148
0003_0172_0063_0211_0211.jpg 1 172 63 211 211
0004_0070_0059_0254_0254.jpg 1 70 59 254 254
0005_0122_0154_0199_0199.jpg 1 122 154 199 199
0006_0283_0034_0182_0182.jpg 1 283 34 182 182
0007_0117_0119_0307_0307.jpg 1 117 119 307 307
0008_0387_0251_0077_0077.jpg 1 387 251 77 77
0009_0210_0084_0298_0298.jpg 1 210 84 298 298
0010_0258_0112_0280_0280.jpg 1 258 112 280 280
0011_0140_0146_0230_0230.jpg 1 140 146 230 230
0012_0112_0140_0233_0233.jpg 1 112 140 233 233
0013_0335_0221_0021_0021.jpg 1 335 221 21 21
0014_0241_0066_0074_0074.jpg 1 241 66 74 74
0015_0348_0073_0146_0146.jpg 1 348 73 146 146
0016_0278_0237_0071_0071.jpg 1 278 237 71 71
0017_0084_0055_0331_0331.jpg 1 84 55 331 331
0018_0058_0182_0263_0263.jpg 1 58 182 263 263
0019_0260_0262_0065_0065.jpg 1 260 262 65 65
0020_0245_0061_0327_0327.jpg 1 245 61 327 327
0021_0071_0147_0293_0293.jpg 1 71 147 293 293
0022_0310_0065_0082_0082.jpg 1 310 65 82 82
0023_0121_0099_0170_0170.jpg 1 121 99 170 170
0024_0127_0126_0319_0319.jpg 1 127 126 319 319
0025_0096_0140_0293_0293.jpg 1 96 140 293 293
0026_0054_0143_0299_0299.jpg 1 54 143 299 299
0027_0088_0061_0041_0041.jpg 1 88 61 41 41
0028_0132_0053_0302_0302.jpg 1 132 53 302 302
0029_0169_0157_0279_0279.jpg 1 169 157 279 279
0030_0099_0079_0205_0205.jpg 1 99 79 205 205
0031_0253_0064_0315_0315.jpg 1 253 64 315 315
0032_0160_0138_0251_0251.jpg 1 160 138 251 251
0033_0097_0040_0297_0297.jpg 1 97 40 297 297
0034_0321_0227_0194_0194.jpg 1 321 227 194 194
0035_0365_0241_0133_0133.jpg 1 365 241 133 133
0036_0156_0074_0300_0300.jpg 1 156 74 300 300
0037_0117_0078_0261_0261.jpg 1 117 78 261 261
0038_0204_0098_0293_0293.jpg 1 204 98 293 293
0039_0208_0123_0218_0218.jpg 1 208 123 218 218
0040_0079_0090_0055_0055.jpg 1 79 90 55 55
0041_0211_0132_0194_0194.jpg 1 211 132 194 194
0042_0046_0080_0237_0237.jpg 1 46 80 237 237
0043_0117_0055_0085_0085.jpg 1 117 55 85 85
0044_0193_0029_0247_0247.jpg 1 193 29 247 247
0045_0084_0162_0194_0194.jpg 1 84 162 194 194
0046_0081_0231_0160_0160.jpg 1 81 231 160 160
0047_0066_0189_0324_0324.jpg 1 66 189 324 324
0048_0390_0159_0065_0065.jpg 1 390 159 65 65
0049_0418_0355_0020_0020.jpg 1 418 355 20 20
0050_0172_0301_0222_0222.jpg 1 172 301 222 222
0051_0084_0239_0027_0027.jpg 1 84 239 27 27
0052_0352_0053_0120_0120.jpg 1 352 53 120 120
0053_0074_0108_0110_0110.jpg 1 74 108 110 110
0054_0090_0212_0187_0187.jpg 1 90 212 187 187
0055_0175_0125_0248_0248.jpg 1 175 125 248 248
0056_0140_0130_0129_0129.jpg 1 140 130 129 129
0057_0233_0095_0236_0236.jpg 1 233 95 236 236
0058_0189_0252_0054_0054.jpg 1 189 252 54 54
0059_0207_0291_0073_0073.jpg 1 207 291 73 73
0060_0322_0084_0168_0168.jpg 1 322 84 168 168
0061_0246_0075_0309_0309.jpg 1 246 75 309 309
0062_0060_0289_0033_0033.jpg 1 60 289 33 33
0063_0322_0110_0080_0080.jpg 1 322 110 80 80
0064_0180_0152_0173_0173.jpg 1 180 152 173 173
0065_0167_0214_0196_0196.jpg 1 167 214 196 196
0066_0291_0048_0270_0270.jpg 1 291 48 270 270
0067_0179_0049_0218_0218.jpg 1 179 49 218 218
0068_0122_0178_0042_0042.jpg 1 122 178 42 42
0069_0178_0293_0026_0026.jpg 1 178 293 26 26
0070_0410_0175_0063_0063.jpg 1 410 175 63 63
0071_0208_0204_0195_0195.jpg 1 208 204 195 195
0072_0239_0116_0317_0317.jpg 1 239 116 317 317
0073_0082_0248_0182_0182.jpg 1 82 248 182 182
0074_0156_0040_0274_0274.jpg 1 156 40 274 274
0075_0208_0065_0281_0281.jpg 1 208 65 281 281
0076_0096_0079_0328_0328.jpg 1 96 79 328 328
0077_0063_0113_0285_0285.jpg 1 63 113 285 285
0078_0374_0060_0143_0143.jpg 1 374 60 143 143
0079_0021_0237_0313_0313.jpg 1 21 237 313 313
0080_0418_0079_0100_0100.jpg 1 418 79 100 100
0081_0108_0293_0105_0105.jpg 1 108 293 105 105
0082_0100_0114_0306_0306.jpg 1 100 114 306 306
0083_0075_0166_0101_0101.jpg 1 75 166 101 101
0084_0249_0135_0305_0305.jpg 1 249 135 305 305
0085_0345_0049_0176_0176.jpg 1 345 49 176 176
0086_0034_0210_0219_0219.jpg 1 34 210 219 219
0087_0397_0233_0099_0099.jpg 1 397 233 99 99
0088_0147_0205_0055_0055.jpg 1 147 205 55 55
0089_0309_0157_0187_0187.jpg 1 309 157 187 187
0090_0082_0199_0277_0277.jpg 1 82 199 277 277
0091_0209_0163_0172_0172.jpg 1 209 163 172 172
0092_0194_0060_0170_0170.jpg 1 194 60 170 170
0093_0221_0106_0273_0273.jpg 1 221 106 273 273
0094_0254_0101_0221_0221.jpg 1 254 101 221 221
0095_0311_0077_0243_0243.jpg 1 311 77 243 243
0096_0100_0067_0234_0234.jpg 1 100 67 234 234
0097_0117_0189_0291_0291.jpg 1 117 189 291 291
0098_0098_0074_0327_0327.jpg 1 98 74 327 327
0099_0116_0246_0125_0125.jpg 1 116 246 125 125
0100_0160_0155_0161_0161.jpg 1 160 155 161 161
0101_0154_0187_0215_0215.jpg 1 154 187 215 215
0102_0239_0291_0058_0058.jpg 1 239 291 58 58
0103_0177_0054_0075_0075.jpg 1 177 54 75 75
0104_0106_0088_0210_0210.jpg 1 106 88 210 210
0105_0128_0077_0335_0335.jpg 1 128 77 335 335
0106_0198_0186_0226_0226.jpg 1 198 186 226 226
0107_0119_0141_0263_0263.jpg 1 119 141 263 263
0108_0081_0417_0048_0048.jpg 1 81 417 48 48
0109_0230_0061_0273_0273.jpg 1 230 61 273 273
0110_0265_0270_0104_0104.jpg 1 265 270 104 104
0111_0474_0214_0029_0029.jpg 1 474 214 29 29
0112_0156_0207_0202_0202.jpg 1 156 207 202 202
0113_0396_0081_0139_0139.jpg 1 396 81 139 139
0114_0076_0066_0276_0276.jpg 1 76 66 276 276
0115_0201_0376_0136_0136.jpg 1 201 376 136 136
0116_0205_0072_0266_0266.jpg 1 205 72 266 266
0117_0115_0194_0043_0043.jpg 1 115 194 43 43
0118_0254_0182_0135_0135.jpg 1 254 182 135 135
0119_0091_0124_0250_0250.jpg 1 91 124 250 250
0120_0076_0106_0257_0257.jpg 1 76 106 257 257
0121_0135_0107_0209_0209.jpg 1 135 107 209 209
0122_0062_0132_0276_0276.jpg 1 62 132 276 276
0123_0263_0111_0255_0255.jpg 1 263 111 255 255
0124_0213_0063_0099_0099.jpg 1 213 63 99 99
0125_0200_0030_0191_0191.jpg 1 200 30 191 191
0126_0207_0443_0053_0053.jpg 1 207 443 53 53
0127_0231_0221_0127_0127.jpg 1 231 221 127 127
0128_0124_0186_0176_0176.jpg 1 124 186 176 176
